var BA4475124projectlimits = {
  "type": "FeatureCollection",
  "features": [
    {
      "type": "Feature",
      "geometry": {
        "type": "LineString",
        "coordinates": [
          [
            -76.7175245871328,
            39.22549934467977
          ],
          [
            -76.71729001954567,
            39.225795730152356
          ],
          [
            -76.71706019621138,
            39.22609433645922
          ],
          [
            -76.71683515220292,
            39.22639511800238
          ],
          [
            -76.71661492186398,
            39.22669802885229
          ],
          [
            -76.71639953880363,
            39.22700302275482
          ],
          [
            -76.71618903589118,
            39.2273100531384
          ],
          [
            -76.71598344525121,
            39.227619073121076
          ],
          [
            -76.71320259232799,
            39.23172474400811
          ],
          [
            -76.71303773774791,
            39.2319953234545
          ],
          [
            -76.71286650279107,
            39.23226351381656
          ],
          [
            -76.71268894508734,
            39.23252922486159
          ],
          [
            -76.71250512439448,
            39.23279236719207
          ],
          [
            -76.71231510257813,
            39.23305285227576
          ],
          [
            -76.71211894359094,
            39.23331059247537
          ],
          [
            -76.711916713451,
            39.23356550107806
          ],
          [
            -76.71170848021973,
            39.2338174923246
          ],
          [
            -76.71149431397886,
            39.23406648143815
          ],
          [
            -76.711274286807,
            39.23431238465278
          ],
          [
            -76.71104847275517,
            39.2345551192416
          ],
          [
            -76.71081694782201,
            39.234794603544564
          ],
          [
            -76.71057978992823,
            39.23503075699592
          ],
          [
            -76.7103370788903,
            39.23526350015125
          ],
          [
            -76.71008889639369,
            39.23549275471419
          ],
          [
            -76.70983532596514,
            39.2357184435627
          ],
          [
            -76.70957645294493,
            39.235940490775064
          ],
          [
            -76.70931236445784,
            39.23615882165525
          ],
          [
            -76.70904314938394,
            39.23637336275812
          ],
          [
            -76.70876889832866,
            39.23658404191407
          ],
          [
            -76.70848970359238,
            39.23679078825323
          ],
          [
            -76.70820565913925,
            39.236993532229334
          ],
          [
            -76.70791686056558,
            39.23719220564303
          ],
          [
            -76.70762340506776,
            39.2373867416648
          ],
          [
            -76.70732539140948,
            39.23757707485743
          ],
          [
            -76.70702291988846,
            39.23776314119793
          ],
          [
            -76.70658783471997,
            39.23797379897441
          ],
          [
            -76.70614921459573,
            39.23818001166961
          ],
          [
            -76.70570713519326,
            39.23838174374391
          ],
          [
            -76.70526167278695,
            39.23857896043015
          ],
          [
            -76.70481290423481,
            39.23877162773965
          ],
          [
            -76.70436090696539,
            39.23895971246813
          ],
          [
            -76.70416358604595,
            39.23903377162223
          ],
          [
            -76.70396342222043,
            39.23910310333122
          ],
          [
            -76.7037606042373,
            39.23916764223148
          ],
          [
            -76.7035553233479,
            39.23922732747807
          ],
          [
            -76.70334777312594,
            39.23928210280203
          ],
          [
            -76.70313814928512,
            39.23933191656342
          ],
          [
            -76.70292664949443,
            39.23937672179999
          ],
          [
            -76.70271347319188,
            39.23941647627135
          ],
          [
            -76.70249882139635,
            39.23945114249886
          ],
          [
            -76.70228289651807,
            39.23948068780083
          ],
          [
            -76.70206590216775,
            39.23950508432344
          ],
          [
            -76.70184804296456,
            39.239524309066866
          ],
          [
            -76.70162952434326,
            39.23953834390702
          ],
          [
            -76.70141055236039,
            39.23954717561257
          ],
          [
            -76.70119133349995,
            39.239550795857454
          ],
          [
            -76.70097207447881,
            39.2395492012287
          ],
          [
            -76.70075298205165,
            39.239542393229634
          ],
          [
            -76.70053426281613,
            39.239530378278474
          ],
          [
            -76.70025184301582,
            39.23954932681463
          ],
          [
            -76.6999700694639,
            39.23957336349716
          ],
          [
            -76.69968909495711,
            39.2396024752865
          ],
          [
            -76.69940907185877,
            39.239636646390004
          ],
          [
            -76.69913015201638,
            39.239675858270374
          ],
          [
            -76.69885248667907,
            39.239720089655854
          ],
          [
            -76.69857622641582,
            39.23976931655174
          ],
          [
            -76.69830152103359,
            39.23982351225337
          ],
          [
            -76.69802851949619,
            39.23988264736071
          ],
          [
            -76.69775736984354,
            39.23994668979426
          ],
          [
            -76.6974882191113,
            39.24001560481248
          ],
          [
            -76.6972212132512,
            39.2400893550307
          ],
          [
            -76.69695649705187,
            39.240167900441364
          ],
          [
            -76.69669421406029,
            39.24025119843583
          ],
          [
            -76.69643450650406,
            39.24033920382744
          ],
          [
            -76.6961775152142,
            39.24043186887607
          ],
          [
            -76.6959233795487,
            39.24052914331415
          ],
          [
            -76.69567223731715,
            39.240630974373815
          ],
          [
            -76.6954242247058,
            39.24073730681567
          ],
          [
            -76.69517947620389,
            39.24084808295873
          ],
          [
            -76.69493812453058,
            39.24096324271177
          ],
          [
            -76.69470030056307,
            39.24108272360598
          ],
          [
            -76.69446613326559,
            39.24120646082881
          ],
          [
            -76.69423574961951,
            39.241334387259236
          ],
          [
            -76.67990366241865,
            39.25077706430474
          ],
          [
            -76.67963540697805,
            39.25109472972315
          ],
          [
            -76.67937269090085,
            39.251415157801944
          ],
          [
            -76.67911556167545,
            39.251738290583305
          ],
          [
            -76.67886406578026,
            39.25206406962104
          ],
          [
            -76.6786182486755,
            39.252392435991084
          ],
          [
            -76.67837815479486,
            39.25272333030228
          ],
          [
            -76.67814382753751,
            39.253056692707034
          ],
          [
            -76.67791530926019,
            39.253392462912274
          ],
          [
            -76.67769264126976,
            39.25373058019027
          ],
          [
            -76.67747586381545,
            39.25407098338968
          ],
          [
            -76.67726501608176,
            39.254413610946656
          ],
          [
            -76.67706013618138,
            39.25475840089594
          ],
          [
            -76.67686126114822,
            39.25510529088211
          ],
          [
            -76.67666842693073,
            39.25545421817091
          ],
          [
            -76.67648166838552,
            39.25580511966056
          ],
          [
            -76.67630101927087,
            39.256157931893206
          ],
          [
            -76.67612651224076,
            39.256512591066404
          ],
          [
            -76.67595817883893,
            39.2568690330447
          ],
          [
            -76.67324863057297,
            39.261341047806305
          ]
        ]
      },
      "properties": {
        "Contract_N": "BA4475124",
        "District": "N/A",
        "County": "N/A",
        "Status": "N/A",
	"Project_Value": "N/A",
	"AD_Date": "N/A",
	"Limits": "N/A",
	"Duration": "N/A",
      }
    },
    {
      "type": "Feature",
      "geometry": {
        "type": "LineString",
        "coordinates": [
          [
            -76.66569041337875,
            39.230472815906545
          ],
          [
            -76.6667599736865,
            39.23214818532348
          ],
          [
            -76.66685378065719,
            39.23233280719583
          ],
          [
            -76.66694114852497,
            39.2325193145669
          ],
          [
            -76.66702201418326,
            39.23270757270621
          ],
          [
            -76.66709631922203,
            39.23289744561965
          ],
          [
            -76.66716400997008,
            39.23308879614771
          ],
          [
            -76.66722503753375,
            39.23328148606463
          ],
          [
            -76.6672793578323,
            39.23347537617825
          ],
          [
            -76.66732693162965,
            39.2336703264306
          ],
          [
            -76.66736772456284,
            39.23386619599906
          ],
          [
            -76.66740170716672,
            39.23406284339816
          ],
          [
            -76.66747432844943,
            39.23456652563035
          ],
          [
            -76.6675525278725,
            39.2350697029535
          ],
          [
            -76.66763629967609,
            39.235572338316906
          ],
          [
            -76.66772563768993,
            39.23607439471054
          ],
          [
            -76.66782053533376,
            39.236575835167784
          ],
          [
            -76.66792098561783,
            39.23707662276821
          ],
          [
            -76.66802698114337,
            39.237576720640185
          ],
          [
            -76.66813851410323,
            39.2380760919637
          ],
          [
            -76.6682112651911,
            39.23829403483583
          ],
          [
            -76.66829071468804,
            39.238510569406436
          ],
          [
            -76.668376817287,
            39.23872557220769
          ],
          [
            -76.66846952388698,
            39.23893892064636
          ],
          [
            -76.66856878162096,
            39.23915049307357
          ],
          [
            -76.66867453388598,
            39.23936016885424
          ],
          [
            -76.6687867203756,
            39.239567828435824
          ],
          [
            -76.66890527711413,
            39.23977335341635
          ],
          [
            -76.66903013649318,
            39.23997662661206
          ],
          [
            -76.66916122731021,
            39.240177532124065
          ],
          [
            -76.66929847480911,
            39.24037595540442
          ],
          [
            -76.66944180072288,
            39.24057178332142
          ],
          [
            -76.66959112331818,
            39.240764904224086
          ],
          [
            -76.66974635744208,
            39.240955208005715
          ],
          [
            -76.66990741457043,
            39.24114258616668
          ],
          [
            -76.67007420285853,
            39.24132693187621
          ],
          [
            -76.67024662719334,
            39.241508140033304
          ],
          [
            -76.67042458924784,
            39.241686107326544
          ],
          [
            -76.67060798753708,
            39.24186073229303
          ],
          [
            -76.670796717476,
            39.2420319153761
          ],
          [
            -76.67099067143906,
            39.242199558982136
          ],
          [
            -76.67826367079637,
            39.24926779363361
          ],
          [
            -76.67863973207253,
            39.24962519325173
          ],
          [
            -76.67902022278707,
            39.2499797684591
          ],
          [
            -76.67940510761447,
            39.25033148637925
          ],
          [
            -76.67979435082118,
            39.25068031440116
          ],
          [
            -76.68018791626903,
            39.251026220182226
          ],
          [
            -76.68058576741858,
            39.25136917165127
          ],
          [
            -76.68090330401442,
            39.25158433616214
          ],
          [
            -76.68122513020842,
            39.25179564367631
          ],
          [
            -76.68155116790794,
            39.25200304295411
          ],
          [
            -76.68188133799845,
            39.25220648370403
          ],
          [
            -76.68221556036261,
            39.25240591659489
          ],
          [
            -76.68255375389982,
            39.25260129326777
          ],
          [
            -76.68289583654587,
            39.25279256634771
          ],
          [
            -76.68324172529276,
            39.25297968945517
          ],
          [
            -76.68359133620906,
            39.253162617217264
          ],
          [
            -76.68394458446001,
            39.2533413052787
          ],
          [
            -76.6843013843283,
            39.2535157103126
          ],
          [
            -76.68466164923474,
            39.25368579003086
          ],
          [
            -76.68502529175944,
            39.253851503194454
          ],
          [
            -76.68539222366283,
            39.25401280962344
          ],
          [
            -76.68576235590717,
            39.25416967020659
          ],
          [
            -76.68613559867818,
            39.25432204691092
          ],
          [
            -76.68651186140671,
            39.25446990279086
          ],
          [
            -76.68689105279094,
            39.25461320199721
          ],
          [
            -76.68727308081827,
            39.25475190978579
          ],
          [
            -76.68765785278782,
            39.25488599252584
          ],
          [
            -76.68786234518332,
            39.254954997277395
          ],
          [
            -76.68818440764262,
            39.255060552245745
          ],
          [
            -76.68850820325646,
            39.25516287842428
          ],
          [
            -76.68883367804685,
            39.25526195876899
          ],
          [
            -76.68916077775579,
            39.255357776776606
          ],
          [
            -76.68956826533773,
            39.2554719571297
          ],
          [
            -76.68997805986555,
            39.2555810746362
          ],
          [
            -76.69039005644328,
            39.25568510138876
          ],
          [
            -76.69174112352982,
            39.256068521010654
          ],
          [
            -76.69309406401952,
            39.25644795708202
          ],
          [
            -76.69444885834366,
            39.2568234041794
          ],
          [
            -76.69580548690674,
            39.25719485693649
          ],
          [
            -76.6971639300867,
            39.25756231004416
          ],
          [
            -76.69747421232393,
            39.25766328343939
          ],
          [
            -76.69778207065376,
            39.257768611092864
          ],
          [
            -76.69808740316273,
            39.25787825811736
          ],
          [
            -76.69839010877351,
            39.2579921881951
          ],
          [
            -76.69869008727838,
            39.2581103635899
          ],
          [
            -76.6989872393724,
            39.25823274515957
          ],
          [
            -76.69928146668632,
            39.25835929236897
          ],
          [
            -76.69957267181904,
            39.258489963303454
          ],
          [
            -76.69986075837,
            39.25862471468276
          ],
          [
            -76.70014563097094,
            39.258763501875364
          ],
          [
            -76.70042719531757,
            39.25890627891329
          ],
          [
            -76.70070535820085,
            39.25905299850737
          ],
          [
            -76.70564526963311,
            39.26178999289343
          ],
          [
            -76.71382527772245,
            39.266321951259734
          ],
          [
            -76.71529417414496,
            39.26716766608195
          ],
          [
            -76.72226290968118,
            39.27117976780628
          ],
          [
            -76.72244102330819,
            39.27133043374252
          ],
          [
            -76.72261420325657,
            39.271484507896886
          ],
          [
            -76.72278234072598,
            39.27164189345012
          ],
          [
            -76.72294533008412,
            39.27180249150281
          ],
          [
            -76.72310306893291,
            39.27196620113749
          ],
          [
            -76.72325545817297,
            39.27213291948217
          ],
          [
            -76.72340240206576,
            39.27230254177493
          ],
          [
            -76.72354380829377,
            39.27247496142992
          ],
          [
            -76.7236795880186,
            39.27265007010424
          ],
          [
            -76.7238096559366,
            39.27282775776614
          ],
          [
            -76.72393393033265,
            39.27300791276417
          ],
          [
            -76.72405233313138,
            39.273190421897375
          ],
          [
            -76.72416478994622,
            39.27337517048647
          ],
          [
            -76.72427123012618,
            39.273562042445924
          ],
          [
            -76.72437158680026,
            39.273750920356896
          ],
          [
            -76.72446579691936,
            39.27394168554115
          ],
          [
            -76.72455380129601,
            39.274134218135536
          ],
          [
            -76.72463554464144,
            39.27432839716739
          ],
          [
            -76.72471097560044,
            39.274524100630586
          ],
          [
            -76.72478004678348,
            39.27472120556217
          ],
          [
            -76.72484271479662,
            39.274919588119694
          ],
          [
            -76.72489894026867,
            39.275119123658996
          ],
          [
            -76.72494868787598,
            39.2753196868126
          ],
          [
            -76.72578056873388,
            39.27802430179995
          ],
          [
            -76.72587440346284,
            39.27818123618382
          ],
          [
            -76.72597425063911,
            39.27833593111206
          ],
          [
            -76.72608002119955,
            39.27848824861288
          ],
          [
            -76.72619162079735,
            39.2786380528358
          ],
          [
            -76.72630894988626,
            39.278785210172785
          ],
          [
            -76.72643190380931,
            39.278929589377334
          ],
          [
            -76.7265603728923,
            39.27907106168152
          ],
          [
            -76.72669424254143,
            39.27920950091077
          ],
          [
            -76.72683339334567,
            39.27934478359635
          ],
          [
            -76.72697770118324,
            39.27947678908544
          ],
          [
            -76.72712703733231,
            39.27960539964868
          ],
          [
            -76.72728126858578,
            39.279730500585124
          ],
          [
            -76.7274402573702,
            39.27985198032448
          ],
          [
            -76.7276038618684,
            39.27996973052657
          ],
          [
            -76.72777193614601,
            39.280083646177886
          ],
          [
            -76.72794433028164,
            39.28019362568521
          ],
          [
            -76.72812089050063,
            39.28029957096616
          ],
          [
            -76.72830145931219,
            39.2804013875366
          ],
          [
            -76.7284858756499,
            39.280498984594885
          ],
          [
            -76.72867397501528,
            39.28059227510275
          ],
          [
            -76.72886558962472,
            39.28068117586291
          ],
          [
            -76.72906054855896,
            39.280765607593224
          ],
          [
            -76.73635731449338,
            39.28473939091534
          ],
          [
            -76.73660697428865,
            39.284877078741516
          ],
          [
            -76.7368526522827,
            39.28501899231165
          ],
          [
            -76.73709422909218,
            39.28516506263955
          ],
          [
            -76.73733158732651,
            39.2853152187188
          ],
          [
            -76.7375646116451,
            39.28546938755731
          ],
          [
            -76.73779318881337,
            39.28562749421287
          ],
          [
            -76.73801720775775,
            39.28578946182956
          ],
          [
            -76.73823655961968,
            39.285955211675194
          ],
          [
            -76.73845113780851,
            39.286124663179635
          ],
          [
            -76.73866083805326,
            39.28629773397393
          ],
          [
            -76.7388655584533,
            39.28647433993049
          ],
          [
            -76.73906519952793,
            39.28665439520395
          ],
          [
            -76.73925966426461,
            39.286837812272935
          ],
          [
            -76.73944885816621,
            39.28702450198267
          ],
          [
            -76.73963268929685,
            39.28721437358837
          ],
          [
            -76.73981106832663,
            39.28740733479935
          ],
          [
            -76.73998390857498,
            39.28760329182389
          ],
          [
            -76.74015112605287,
            39.28780214941497
          ],
          [
            -76.74031263950347,
            39.28800381091647
          ],
          [
            -76.74046837044189,
            39.28820817831031
          ],
          [
            -76.74061824319301,
            39.28841515226403
          ],
          [
            -76.7407621849285,
            39.28862463217914
          ],
          [
            -76.74090012570208,
            39.288836516240075
          ],
          [
            -76.74103199848355,
            39.28905070146367
          ],
          [
            -76.74115773919135,
            39.28926708374926
          ],
          [
            -76.74127728672374,
            39.289485557929325
          ],
          [
            -76.74139840492192,
            39.28976541506892
          ],
          [
            -76.74151340334116,
            39.290046813250775
          ],
          [
            -76.7416222492247,
            39.29032967230181
          ],
          [
            -76.74172491156833,
            39.29061391163372
          ],
          [
            -76.74182136112911,
            39.290899450265904
          ],
          [
            -76.74191157043386,
            39.29118620684862
          ],
          [
            -76.74199551378685,
            39.291474099686106
          ],
          [
            -76.74207316727727,
            39.2917630467599
          ],
          [
            -76.74214450878581,
            39.2920529657522
          ],
          [
            -76.74220951799123,
            39.29234377406939
          ],
          [
            -76.74226817637593,
            39.29263538886547
          ],
          [
            -76.74232046723132,
            39.292927727065745
          ],
          [
            -76.74236637566267,
            39.29322070539049
          ],
          [
            -76.7424058885931,
            39.29351424037865
          ],
          [
            -76.74243899476758,
            39.29380824841168
          ],
          [
            -76.74246568475594,
            39.29410264573729
          ],
          [
            -76.74389176434978,
            39.3052854032699
          ],
          [
            -76.74451424611748,
            39.31079942347719
          ],
          [
            -76.74458103612885,
            39.31139102260829
          ],
          [
            -76.74469987597635,
            39.31762482598648
          ],
          [
            -76.74474741016613,
            39.32944729910861
          ],
          [
            -76.74472364330434,
            39.340220004729716
          ],
          [
            -76.74553175250077,
            39.34924500460359
          ],
          [
            -76.74600063800489,
            39.354818235072486
          ],
          [
            -76.72494868787598,
            39.2753196868126
          ],
          [
            -76.72578056873388,
            39.27802430179995
          ],
          [
            -76.74451424611748,
            39.31079942347719
          ],
          [
            -76.74458103612885,
            39.31139102260829
          ]
        ]
      },
      "properties": {
        "Contract_N": "BA4475124",
        "District": "N/A",
        "County": "N/A",
        "Status": "N/A",
	"Project_Value": "N/A",
	"AD_Date": "N/A",
	"Limits": "N/A",
	"Duration": "N/A",
      }
    }
  ]
}